   g1_dR_Low  g1_dR_High    g1_dG_Low  g1_dG_High    g1_dB_Low  g1_dB_High  g1_gray_norm     g1_LUT_j  
-1295.000000  707.000000 -1295.000000  707.000000 -1295.000000  707.000000      0.454902  1856.000000 
 -713.000000  550.000000  -713.000000  550.000000  -713.000000  550.000000      0.768627  3154.000000 
 -713.000000  550.000000  -713.000000  550.000000  -713.000000  550.000000      0.768627  3154.000000 
 -887.000000  638.000000  -887.000000  638.000000  -887.000000  638.000000      0.717647  2945.000000 

  g2_dR_Low  g2_dR_High    g2_dG_Low  g2_dG_High    g2_dB_Low  g2_dB_High  g2_gray_norm     g2_LUT_j    
-1084.000000  522.000000 -1084.000000  522.000000 -1084.000000  522.000000      0.313726  1279.000000
-1253.000000  750.000000 -1253.000000  750.000000 -1253.000000  750.000000      0.588235  2401.000000 
-1267.000000  751.000000 -1267.000000  751.000000 -1267.000000  751.000000      0.576471  2345.000000
-1305.000000  751.000000 -1305.000000  751.000000 -1305.000000  751.000000      0.509804  2079.000000

  g3_dR_Low  g3_dR_High    g3_dG_Low  g3_dG_High    g3_dB_Low  g3_dB_High  g3_gray_norm     g3_LUT_j   
-935.000000  420.000000  -935.000000  420.000000  -935.000000  420.000000      0.258824  1056.000000
-1305.000000  751.000000 -1305.000000  751.000000 -1305.000000  751.000000      0.505882  2063.000000
-1298.000000  711.000000 -1298.000000  711.000000 -1298.000000  711.000000      0.462745  1875.000000
-1183.000000  597.000000 -1183.000000  597.000000 -1183.000000  597.000000      0.364706  1482.000000

  panel_0   panel_1   panel_2   panel_3   panel_4  frame_rate  model_year  pat_Darkskin  pat_Lightskin  pat_Asian  pat_Western         y  pk_group
0.000000  0.000000  0.000000  0.000000  1.000000   60.000000   26.000000      1.000000       0.000000   0.000000     0.000000  0.032675      3008
0.000000  0.000000  0.000000  0.000000  1.000000   60.000000   26.000000      0.000000       1.000000   0.000000     0.000000  0.014479      3008
0.000000  0.000000  0.000000  0.000000  1.000000   60.000000   26.000000      0.000000       0.000000   1.000000     0.000000  0.020355      3008
0.000000  0.000000  0.000000  0.000000  1.000000   60.000000   26.000000      0.000000       0.000000   0.000000     1.000000  0.030583      3008
